2109052 Debraj CSE1209 20 19 95 ECE1209 22 18 81 Math1209 21 20 95 Chem1209 24 22 91 ECE1205 24 24 100
2109042 Mahir cse1209 43 42 97 ece1209 44 44 100 math1209 43 43 100 chem1209 44 43 97 soem1209 44 44 1002109044 esha cse 1969063797 6421984 0 cd 1969394740 1969127412 0 "c:\Users\ASUS\OneDrproject\" 6421920 0 0 project\" 1969070679 1969395200 0 ; 16 1969127377 -40984869 
23 100
chem1209 22 21 95
ece1205 24 23 95
1 l
s 12 12 100
e 13 12 92
a 12 12 100
d 13 12 92
r 12 12 100
2109002 Zarin cse1209 23 23 100
ece1209 22 21 95
math1209 23 23 100
chem1209 24 23 95
ece1205 23 21 91
2109049 Eesa Cse1209 22 21 95 ece1209 24 23 95 ece1205 22 21 95 math1209 24 23 95 chem1209 23 23 100
2109045 Raiyan ece1209 23 23 100 cse 24 21 87 math 25 23 92 chem 25 23 92 soem 23 21 91 

